<<<<<<< HEAD

417,429,756,422,459,
725,487,442,701,664,
461,549,707,387,457,
=======
<<<<<<< HEAD

448,521,730,426,480,723,423,468,741,445,468,748,452,472,703,592,453,653,633,453,530,751,405,476,774,410,478,776,424,451,740,414,477,745,458,455,701,599,472,642,643,424,488,722,433,453,729,444,470,773,442,459,738,443,460,722,486,451,671,647,424,554,679,409,505,760,433,493,749,424,467,739,440,471,742,451,466,681,591,423,616,647,418,476,760,419,449,741,390,441,752,421,445,765,467,504,743,488,453,675,
598,441,607,697,460,496,749,437,462,738,422,433,747,441,461,730,487,465,714,508,467,675,664,432,550,708,406,483,729,430,484,727,436,489,732,479,508,748,495,494,674,624,422,585,676,411,478,773,413,470,767,455,491,756,442,483,749,448,460,693,512,437,657,648,442,575,717,450,448,718,429,443,744,447,473,774,459,451,706,465,443,694,563,467,635,725,453,515,726,423,475,750,432,488,733,448,468,732,484,475,
724,516,467,646,648,404,574,735,458,468,769,399,443,768,406,472,760,444,486,753,474,495,687,552,447,661,689,458,548,717,423,454,726,441,464,744,442,465,754,472,473,736,511,465,684,576,427,577,704,379,473,747,417,462,734,439,499,753,447,506,753,508,502,730,562,487,625,695,434,571,768,416,423,737,385,419,732,417,452,731,438,474,757,518,473,667,595,467,636,725,464,539,758,456,478,760,465,473,758,471,
481,748,469,460,707,533,437,650,600,446,592,762,435,500,757,435,495,747,432,481,726,439,493,724,524,471,696,577,450,574,711,406,522,749,426,439,765,439,480,747,415,472,764,470,496,752,543,492,637,632,467,618,733,461,505,759,456,478,756,470,476,755,478,487,746,508,462,698,600,455,621,640,416,499,753,408,484,729,431,484,731,442,500,752,454,484,697,554,459,657,594,451,552,721,402,490,757,434,461,755,
429,460,753,437,474,761,474,493,739,564,458,593,642,420,531,728,436,470,750,445,493,745,448,436,730,469,477,757,566,464,683,618,426,580,653,416,480,735,420,461,737,400,468,735,460,493,738,435,480,677,564,443,637,647,447,547,753,412,476,772,428,443,770,408,462,757,446,482,729,483,461,700,616,453,573,679,424,514,720,425,437,743,433,472,745,450,441,731,484,462,718,574,450,635,656,426,552,694,425,469,
=======
1,2,3,
>>>>>>> master
>>>>>>> master
